time,x,y,z,phi,theta,psi,x_velocity,y_velocity,z_velocity,phi_velocity,theta_velocity,psi_velocity,rotor_speed1,rotor_speed2,rotor_speed3,rotor_speed4
0.06,-8.30452434134e-08,-7.87118517347e-08,10.0004672391,6.28299889413,0.000106362423874,0.0,-7.72224968879e-06,-1.01924101856e-05,0.0155743665959,-0.0101855902587,0.00510148882997,0.0,408.73589138716255,409.1901671294221,409.9677982556895,409.06200608240164
0.12000000000000001,-4.65043779144e-06,-7.80407981823e-06,10.0075049771,6.28239297159,0.000614960998068,0.0,-0.000193178207406,-0.000318714859794,0.21899914867,-0.00992550947555,0.0144922101368,0.0,467.35176375675945,468.08288357178674,469.41326449741047,469.4335726282146
0.18,-3.28167222034e-05,-4.55862896372e-05,10.0237948354,6.28192965357,0.00185988815714,0.0,-0.000856637681361,-0.000994729416142,0.323971359393,-0.00364364230146,0.0309922308905,0.0,439.8961487350541,441.26012567764565,436.2296827075529,436.7539478321123
0.23999999999999996,-0.000133650568015,-0.000133610246586,10.0479936028,6.28224161455,0.00332145261948,0.0,-0.00269403083669,-0.00192955701671,0.482599557666,0.0187187896789,0.00581177580545,0.0,455.7658606557377,453.74926869667445,454.8599859129282,456.646999767905
0.3,-0.000372458201562,-0.000265878212349,10.0819876861,6.28288744742,0.00394373584276,0.0,-0.00532178566371,-0.0023701170162,0.650455435338,-0.0141486124028,0.0182097431782,0.0,457.75440039881653,458.73966755741213,459.44600714300384,456.8330760391469
0.36000000000000004,-0.000775894646832,-0.000416833229593,10.1235633333,6.28243543206,0.00451248453428,0.0,-0.00822116410857,-0.0027240919624,0.735347777265,0.00319109588052,-0.0204147317067,0.0,433.69509054784265,430.4391864525778,432.2665458285658,433.7251723018718
0.4200000000000001,-0.00138181357281,-0.000599034865164,10.176278938,6.28224303142,0.00340483963326,0.0,-0.0118244494437,-0.00334298570588,1.02162843013,-0.0207991341632,-0.0148143919079,0.0,493.10004906771815,493.5136229560592,493.6988856293621,491.92592184303555
0.48000000000000015,-0.00215882403061,-0.000823293111927,10.2406273491,6.28149828347,0.00197736941492,0.0,-0.0139713800596,-0.00423015988801,1.12322413987,0.000559014527092,-0.0556079374645,0.0,440.441479886767,437.05465248824987,437.3000620811185,439.07544030604896
0.5400000000000001,-0.00301894675308,-0.00110409858582,10.3064192598,6.28115586424,6.28183675718,0.0,-0.0144352875058,-0.00513876116555,1.06989172932,-0.022777608068,-0.055082539701,0.0,386.75622094237684,386.8031221600407,387.35021598102395,385.14964965079116
0.6000000000000002,-0.00384396383755,-0.00146113234845,10.3743180104,6.2798500785,6.27911361141,0.0,-0.0127528143999,-0.00690292890867,1.19327796307,-0.0198077716706,-0.0308791727876,0.0,444.4797857514292,446.4573439004059,445.2429367790826,445.48580331654625
0.6600000000000003,-0.0045136260289,-0.00195184846285,10.4499428713,6.27810795913,6.27747103161,0.0,-0.00938365639606,-0.00959387337579,1.32740302478,-0.0631099427446,-0.0211589874392,0.0,449.44149152590666,450.22833925889023,449.96567230636805,446.4461539563997
0.7200000000000003,-0.00495637785478,-0.00264496679008,10.5324134165,6.27498932605,6.27725520448,0.0,-0.00531349472083,-0.0138523144163,1.42150008264,-0.0358922269779,0.0184517963563,0.0,435.96484721775033,439.261718997448,434.8257791947974,437.09767178333715
0.7800000000000004,-0.00515658436984,-0.00365356907425,10.6207582765,6.27330142857,6.27833511861,0.0,-0.00147260638682,-0.0199596465886,1.5231972148,-0.0159325688628,0.0170764128557,0.0,439.509132786532,439.39507461155017,438.62874608835494,440.2827660876039
0.8400000000000004,-0.00515075204528,-0.00505437794382,10.7146824895,6.27213862916,6.27916683805,0.0,0.00157304791235,-0.0268373421705,1.60749417461,-0.0273629696603,0.00650144106946,0.0,433.96304839499584,433.07445123692804,435.3691791560354,434.4118541194911
0.9000000000000005,-0.00497653769053,-0.00689460319264,10.8137280379,6.27021131752,6.27967097465,0.0,0.0041886584814,-0.0346782399198,1.69389784657,-0.0439225860353,0.0119560677721,0.0,434.58990891131424,435.0467184146899,436.1460428979192,434.76043352685025
0.9600000000000005,-0.00465878427731,-0.0092400616872,10.9173788759,6.26771368467,6.28050873214,0.0,0.00632698228529,-0.0437513055249,1.7610254657,-0.0373929939556,0.0177006122152,0.0,428.4335860564694,428.92158978880224,429.47221276678675,430.0246372826463
1.0200000000000005,-0.00422524746196,-0.0122100099364,11.0270819882,6.26520682338,6.2813432925,0.0,0.00802069210494,-0.0554959619311,1.89552739204,-0.0524413234369,0.00497818531675,0.0,450.90104862402546,449.8720403870167,451.71136801293073,450.4953267269087
1.0800000000000005,-0.00370793301251,-0.0159150258122,11.1433650458,6.26185617412,6.28169272122,0.0,0.00919047891607,-0.0683249471326,1.98042455063,-0.0637037585735,0.00746365136645,0.0,435.90082717920484,436.1083699736197,435.75916580078876,434.8144984202554
1.1400000000000006,-0.00312345808263,-0.0205352609053,11.2681899084,6.25853218325,6.28163769703,0.0,0.0102560594865,-0.0860877262256,2.18003536162,-0.0425328523916,-0.0283943131431,0.0,472.1673517814072,469.39302403663885,470.77170116700637,472.4048741093919
1.2000000000000006,-0.00247136446222,-0.0261958614637,11.4010390573,6.25578504995,6.27992005931,0.0,0.0116465961375,-0.102852530203,2.24813011911,-0.0532449073867,-0.0290973010767,0.0,430.9957352271806,430.936061089281,432.27365357505533,431.3687313716008
1.2600000000000007,-0.00168959631598,-0.0330134402345,11.5413593368,6.25273445758,6.27788439885,0.0,0.0146237931501,-0.124745225549,2.42883406178,-0.0464286153468,-0.0459538940445,0.0,467.31860402448376,466.0023941435955,466.33353164220864,466.8641225374342
1.3200000000000007,-0.000667838905978,-0.0412667821961,11.6942385569,6.24965201582,6.27488134176,0.0,0.0197823018864,-0.150705961409,2.66660120195,-0.0637652864927,-0.059851280236,0.0,484.57607088244816,483.52887123659764,484.86942638099583,483.56372241243486
1.3800000000000008,0.000722157577854,-0.0510834259843,11.8591959396,6.24633595632,6.27117170626,0.0,0.0269545341724,-0.176896179633,2.8315642032,-0.0421660217772,-0.0661030126802,0.0,463.8240636436171,463.33023943462314,463.23313455972374,464.9264131257276
1.4400000000000008,0.0026520990555,-0.0626119093246,12.0359340321,6.24405037927,6.2669569772,0.0,0.0378619493655,-0.207654685221,3.05910431434,-0.0309895696068,-0.0801757897847,0.0,483.3556432555443,482.29051336904524,482.97702184583807,483.81862067411
1.5000000000000009,0.00531147433402,-0.075965760846,12.2244715797,6.24252221008,6.26247079217,0.0,0.0512937784529,-0.237643157658,3.22500696406,-0.0162428690859,-0.0657076249642,0.0,465.4166758144613,466.54350439225635,465.86010046436695,467.01164944168363
1.560000000000001,0.00888658373879,-0.0911715258907,12.4234977698,6.24208189656,6.25807310033,0.0,0.0683333318652,-0.269270523583,3.4086521391,0.00625310982201,-0.0962117309735,0.0,473.5277545233163,471.17105951738574,471.68646612166054,473.420680911533
1.620000000000001,0.0135888849356,-0.108271999984,12.6333372328,6.24229982443,6.25207894656,0.0,0.0890615511085,-0.300689373075,3.58543759853,-0.00220658989523,-0.108545312288,0.0,471.5413385185433,470.5794905674338,472.3367159798609,471.68376968214153
1.680000000000001,0.0195626109435,-0.127112301572,12.8502973982,6.24205773725,6.24601873657,0.0,0.110658411689,-0.327331027572,3.64634943001,-0.00796800832442,-0.0890860234133,0.0,435.91175374686367,437.52567952293236,437.636093346564,437.1563263689495
1.740000000000001,0.0270457392421,-0.147664151835,13.0735003598,6.24142099802,6.24034073507,0.0,0.139357798834,-0.357771428509,3.79324028459,-0.0165088230551,-0.109033954348,0.0,465.2392539867837,463.6672746220252,464.29026202772826,463.61978642303785
1.8000000000000012,0.0362838046213,-0.169966416883,13.3033153633,6.24048184737,6.23422062286,0.0,0.169185273648,-0.385721845217,3.86697280298,-0.0139927208339,-0.0907374507114,0.0,441.64087038387265,443.138231692096,442.91645557101424,443.12344833435066
1.8600000000000012,0.0473425700165,-0.193888923635,13.5358055542,6.23911107617,6.22860517213,0.0,0.199931945414,-0.411780411171,3.8826087065,-0.0536645258956,-0.100009436378,0.0,425.2562713557959,424.4533269645343,425.9857841978633,422.57914387109133
1.9200000000000013,0.0604576309477,-0.21949402512,13.7711576462,6.23633139188,6.22245280673,0.0,0.237822054791,-0.442003887179,3.96212706365,-0.034666903106,-0.108146730349,0.0,445.19235531070666,444.51683093720334,445.08874087882975,446.6395698782132
1.9800000000000013,0.0759616823549,-0.246957257367,14.01111544,6.23411894172,6.21560546556,0.0,0.279613703056,-0.47363445324,4.03614009974,-0.0416997690211,-0.130062384805,0.0,445.35996467041224,443.5517138705629,444.5083849588217,443.93099421142466
2.0400000000000014,0.0942044597211,-0.276428467147,14.2568062482,6.23135410995,6.20792831525,0.0,0.329257692565,-0.508989785012,4.15304404066,-0.0567185304466,-0.124039266128,0.0,458.2003207576273,458.66451584255617,458.9037696358613,457.7087279201845
2.1000000000000014,0.115445906434,-0.307986330382,14.5076587423,6.22790978336,6.20064796648,0.0,0.379475512431,-0.543252607558,4.2084062644,-0.0588153208651,-0.116426843746,0.0,439.4145010257344,440.03165551454094,440.813534903134,440.63791465150365
2.1600000000000015,0.14011638952,-0.341850717597,14.765105869,6.22394940829,6.19325203607,0.0,0.443615146744,-0.585932170482,4.37242649642,-0.0869968506804,-0.142659719,0.0,474.54823686434986,472.51685673423185,476.0459136967695,473.88116238167873
2.2200000000000015,0.168891923885,-0.378427039624,15.0332850937,6.21855829508,6.18539025297,0.0,0.516440125027,-0.633839923291,4.56595756634,-0.0962749684862,-0.114430811281,0.0,483.09923587457155,485.20849022330015,485.04047146205255,484.33706082286994
2.2800000000000016,0.201854915025,-0.41776824718,15.3094374742,6.21278940703,6.17909676107,0.0,0.582932584696,-0.678073881622,4.63867896144,-0.0958958562168,-0.0905707606676,0.0,449.10326224258955,451.02481321968645,449.6531340039066,449.6760829436154
2.3400000000000016,0.238830195128,-0.459811449306,15.5890146158,6.20728084208,6.1741476996,0.0,0.650034133261,-0.723873371313,4.68024750863,-0.084688657875,-0.0698860385889,0.0,440.20231763003954,441.9050782043315,440.3520485140929,441.2710385206622
2.4000000000000017,0.280174871842,-0.504879335172,15.8733620892,6.20160174714,6.16981158859,0.0,0.728504905399,-0.778872717364,4.79736261246,-0.148896947381,-0.077515790804,0.0,466.2584700476208,465.6581444584871,466.8122501967836,461.7644215776279
2.4600000000000017,0.326153498757,-0.553262936244,16.1632679791,6.19289913439,6.16590709821,0.0,0.804480979097,-0.834737421855,4.86568351381,-0.138283888965,-0.0476407160072,0.0,450.177045629808,452.58488367176693,451.1030492833827,451.93997019660134
2.520000000000002,0.377023326728,-0.605369201307,16.4594550615,6.18542064764,6.16330056845,0.0,0.891387135574,-0.902915393121,5.00641075435,-0.106041823411,-0.0361479868773,0.0,473.3611840986706,474.24391483168836,474.1154820061148,476.57280419310126
2.580000000000002,0.432471929282,-0.661160377092,16.7583926058,6.17900424204,6.16149328898,0.0,0.95706757752,-0.957318314547,4.95824176446,-0.108798366256,-0.0201916684091,0.0,415.4058412056663,416.80252276314576,416.3196743809426,416.0674811491929
2.640000000000002,0.491701564302,-0.720162128472,17.0529255666,6.1723638923,6.160542251,0.0,1.0173662128,-1.00992693149,4.85981896248,-0.114708263749,-0.008339610313,0.0,397.55300414973334,398.6377432919672,399.15546779558287,398.6032638065986
2.700000000000002,0.555144139526,-0.782950188978,17.3462520501,6.16524462499,6.16007117099,0.0,1.09737897091,-1.0836437213,4.91730745585,-0.128013493597,-0.00689221425347,0.0,450.72614639600476,450.84324014807044,449.8088848714499,448.71731033094864
2.760000000000002,0.623531952799,-0.850435822916,17.6441169503,6.15762804842,6.1593860837,0.0,1.18219051605,-1.16659339643,5.01090466569,-0.124885536075,-0.0224997854988,0.0,461.8940324265136,460.6614542056734,462.96787213221717,463.1999647480529
2.820000000000002,0.696892947876,-0.922922552682,17.9465390111,6.14981274276,6.15796663449,0.0,1.26324806209,-1.25031902265,5.06934435633,-0.144036953087,-0.0260793917254,0.0,451.96635558442097,451.67766567176557,454.0637993798251,452.50905370683455
2.880000000000002,0.774882624375,-1.00031037216,18.2503987219,6.14244538429,6.15620487425,0.0,1.33652616306,-1.32994280531,5.05913293845,-0.0979932710592,-0.0369045086686,0.0,431.2317798324625,430.3159260974402,430.2776364530409,434.143038259859
2.940000000000002,0.857471280024,-1.08278969504,18.5549696059,6.13679598856,6.15494488035,0.0,1.41652678663,-1.41986938369,5.09285570634,-0.0874201147251,-0.000336966695762,0.0,443.57576287680547,446.568905710918,446.79963760238707,447.6534441502447
3.000000000000002,0.944619605092,-1.1704817838,18.8595994446,6.13119905618,6.1549602274,0.0,1.48839896396,-1.50366479667,5.0614322931,-0.108807503569,0.00141578815457,0.0,426.23485750772954,426.38464608456934,425.7863588072524,423.9442540317982
3.0600000000000023,1.03637910697,-1.26366221833,19.1646593367,6.12457087294,6.15491322461,0.0,1.57017952635,-1.60293020271,5.10678776192,-0.114017237865,-0.00559125971737,0.0,451.5544906991183,450.9888069095515,450.4632979034561,450.03110413982836
3.1200000000000023,1.13311073183,-1.36301294245,19.4729390535,6.11756088517,6.15436962618,0.0,1.65416673915,-1.70937321811,5.16864616334,-0.123154952094,-0.017101549076,0.0,457.34179794818607,456.42406218698073,457.3369324636201,456.59653113378744
3.1800000000000024,1.23474526612,-1.4687072551,19.783807419,6.11041412192,6.15314538491,0.0,1.7336912308,-1.81440057644,5.19322568438,-0.112061061778,-0.0279976908219,0.0,446.78885843117223,445.8994596367875,445.8244351423385,446.71733923732154
3.2400000000000024,1.34118162375,-1.58085136609,20.0962091288,6.10369084734,6.15203753402,0.0,1.81424471105,-1.92431742519,5.21973602069,-0.11204162037,-0.00414125019273,0.0,446.37455375405045,448.3174842552383,448.2776548453549,448.26821172532203
3.3000000000000025,1.45334641751,-1.70092457731,20.4167735518,6.09712701456,6.15201386836,0.0,1.92437608896,-2.07870973999,5.46417544659,-0.104577069875,0.00620737688871,0.0,512.841413377078,513.5760586269606,514.2027036683324,514.7225028883703
3.3600000000000025,1.57144681493,-1.82949211814,20.7470296716,6.09156992764,6.15202409471,0.0,2.01216412283,-2.20737154818,5.54364495036,-0.0756754834546,-0.0160224149037,0.0,469.1651860253721,467.4357355440777,467.6925288091805,469.9313942491027
3.4200000000000026,1.69434259683,-1.96521268237,21.0785436338,6.08688757369,6.15136097448,0.0,2.08439416336,-2.31706144633,5.50673069097,-0.0832406078318,-0.00261031167725,0.0,431.68644705089014,432.81706943189727,433.75921990497415,433.1182497957084
3.4800000000000026,1.82185188085,-2.10801193613,21.4098804644,6.0821825369,6.15128110109,0.0,2.16583848713,-2.44332668497,5.53736518564,-0.0701942941764,0.0011117158261,0.0,454.8343915010684,455.132473003942,454.5235747921016,455.5633302833572
3.5400000000000027,1.95410828107,-2.25828129494,21.7420580727,6.07772182295,6.15126164346,0.0,2.24263891252,-2.56603647261,5.53494039978,-0.0842997501394,-0.00336346851746,0.0,446.03067567854646,445.6649725062561,445.5008775045235,444.34137591932256
3.6000000000000028,2.09073696712,-2.41565149245,22.0723852515,6.07267138954,6.15066326712,0.0,2.31165025219,-2.68010444882,5.47596184544,-0.0839235149034,-0.0284261611648,0.0,428.67454110367174,426.5390788738294,426.9657558838788,426.99174809033605
3.660000000000003,2.23159376235,-2.58008401402,22.3997474371,6.0677879727,6.14851631796,0.0,2.38368931886,-2.80142939244,5.43596160581,-0.0767550664393,-0.0575668165527,0.0,435.4258636632558,432.9797909284774,432.9598979060689,433.55716166178627
3.720000000000003,2.37721030928,-2.75252301326,22.7275827502,6.0629347977,6.14584230731,0.0,2.47037319795,-2.94691750895,5.49116249826,-0.0907824688224,-0.0265767758513,0.0,464.2786001657289,466.70289653236455,464.7119509326978,463.6058017152078
3.780000000000003,2.52862556264,-2.93468443704,23.0626317799,6.05728004487,6.14440657599,0.0,2.57675066688,-3.1255298383,5.675645232,-0.102265958585,-0.0190994848133,0.0,504.71374942090944,505.2532180211085,505.4570344385239,504.6221917870881
3.840000000000003,2.68540272468,-3.12602904096,23.4014372208,6.05106761393,6.14305539379,0.0,2.64921332905,-3.25318189145,5.61775215834,-0.106217567764,-0.0304289374286,0.0,432.4245928272158,431.46885547984346,434.04990893232247,433.70844099501323
3.900000000000003,2.8468642858,-3.32567192794,23.7389515655,6.04450863855,6.14119918326,0.0,2.73290371347,-3.40212928096,5.63213318198,-0.116365912616,-0.0319723173017,0.0,457.18599258561414,457.0626817535277,457.09384053990493,456.2739284892265
3.960000000000003,3.01358678234,-3.53474093261,24.0787384703,6.03726621103,6.13898712717,0.0,2.82456462594,-3.56741640692,5.69316326307,-0.131218024978,-0.049100150309,0.0,473.78333738747335,472.4637359697051,473.16534364643053,472.0079457131658
4.020000000000002,3.18506219435,-3.7525653245,24.4169100741,6.02910214868,6.13587926032,0.0,2.89150059425,-3.69410038802,5.57929093502,-0.148140828556,-0.0578252693149,0.0,417.8759280590356,417.1124949540697,418.1122208325212,416.6161289352724
4.080000000000001,3.36163622653,-3.97989489744,24.7549849895,6.02125854157,6.13266266065,0.0,2.99444821303,-3.88419443734,5.68848839321,-0.108815189802,-0.0462910239337,0.0,490.05934338173654,490.9144951279688,487.24681831563015,490.16354722713083
4.14,3.54383242371,-4.21775564669,25.0956641185,6.01481893453,6.12983393698,0.0,3.0789072451,-4.04505563715,5.66695993701,-0.10450711064,-0.048910759753,0.0,450.58915603221186,450.37596410401005,452.35597732561695,452.6929527851221
4.199999999999998,3.73150543401,-4.46602972253,25.4372974682,6.00847585643,6.12699718632,0.0,3.17696961956,-4.23123346731,5.7197888591,-0.108254607184,-0.0442018122483,0.0,475.5693136063996,475.9287634440834,476.98660959750936,476.69131022941593
4.259999999999997,3.92477333156,-4.72504241502,25.7800146088,6.00243569223,6.12474511594,0.0,3.26539205077,-4.40306081689,5.70351087995,-0.0886970536609,-0.0267428741347,0.0,456.47986861096007,457.8706335543958,455.17370979447185,456.7279084443576
4.319999999999996,4.12309158522,-4.99400255311,26.1200264238,5.99723379521,6.12285348284,0.0,3.34529034138,-4.56281039697,5.63001182975,-0.0829760824447,-0.0434081897201,0.0,438.70355106067444,437.31676949873986,439.5464103913087,440.0140968700116
4.379999999999995,4.32629575031,-5.27277873962,26.456007127,5.99223744875,6.12034415826,0.0,3.42831283213,-4.7302303811,5.56902181916,-0.0838714523904,-0.0388256956327,0.0,442.3683891121972,442.7447293832353,444.6907565624421,444.6117383211438
4.439999999999993,4.53402152166,-5.56085632979,26.7854465044,5.98753289895,6.11798332118,0.0,3.49605558785,-4.87296888643,5.41257534181,-0.069267791541,-0.0404111337821,0.0,410.854193389642,410.71264349069486,410.81584141144964,412.10356551728574
4.499999999999992,4.74602718127,-5.85793345133,27.1065827788,5.98334698876,6.11562836631,0.0,3.57095035555,-5.0301423635,5.29201501048,-0.0707784084775,-0.03702178986,0.0,424.2007060668028,424.4908898498693,422.2756173060856,422.14126468588995
4.559999999999991,4.96282262362,-6.16501766001,27.4219973946,5.97933128448,6.11305791995,0.0,3.6556714653,-5.20647902176,5.22150862104,-0.0601698229222,-0.0582187835698,0.0,441.2722283631585,439.5172993194309,440.17330865764916,441.0471686746538
4.6199999999999894,5.18434059089,-6.48209936161,27.7309642512,5.97564779308,6.10990364472,0.0,3.72848908299,-5.36346844387,5.07753099306,-0.0639530441575,-0.0431678119466,0.0,414.570121083771,415.88880714911744,416.03490887039914,415.7004443175225
4.679999999999988,5.41116488154,-6.81026478492,28.0361884149,5.97225118417,6.10789009738,0.0,3.8323386341,-5.5757171732,5.09571772262,-0.0449415842964,-0.0191516545815,0.0,468.72683012748337,470.58948984318664,469.8085114996337,471.27852091707655
4.739999999999987,5.64465327471,-7.15198817343,28.3446879421,5.97008178887,6.10689615958,0.0,3.95042982332,-5.81520752629,5.18630445073,-0.0227090769034,-0.0118393866071,0.0,493.8206783849271,494.36001449529675,493.877719329448,495.51464403897216
4.799999999999986,5.88505385796,-7.50787391845,28.6576548273,5.96845691374,6.10668890855,0.0,4.06270254823,-6.04778979742,5.24486730644,-0.0376958419507,0.00951642470671,0.0,485.80841263626047,487.40754128798756,488.2987155456239,487.1790127639801
4.859999999999984,6.13146661515,-7.87658505022,28.9703478107,5.96610778189,6.10758532604,0.0,4.15086939495,-6.24303115182,5.17797120747,-0.0422359088187,0.024031892956,0.0,449.3374607554382,450.51291148092207,448.59665713388625,448.2269817850516
4.919999999999983,6.38353391689,-8.25782285979,29.2811606286,5.96398478061,6.10865356595,0.0,4.25103416166,-6.4652383427,5.18172168954,-0.0243475338804,0.00088353114905,0.0,473.6082260931467,471.8238897570574,472.1769187304822,473.554782848936
4.979999999999982,6.64031331447,-8.65025081138,29.5853780317,5.9623025196,6.10840918777,0.0,4.30834943497,-6.61642871354,4.95961012896,-0.0366850825921,-0.0165066341672,0.0,397.6666150248502,396.069924412955,396.1798523930346,395.043085231654
5.0399999999999805,6.90114572845,-9.05296538417,29.8796117224,5.9603368,6.10706842051,0.0,4.38607987329,-6.80794129106,4.84810939237,-0.0258886266932,-0.0378028419846,0.0,436.0772254530002,434.29398723267434,433.67099396300625,434.57673031418733
